- OS: Windows-10-10.0.26200-SP0 10.0.26200
- Python: 3.11.9
- Stable-Baselines3: 2.9.0
- PyTorch: 2.13.0+cpu
- GPU Enabled: False
- Numpy: 2.2.6
- Cloudpickle: 3.1.2
- Gymnasium: 1.3.0
- OpenAI Gym: 0.26.2
